cam0:
  T_cam_imu:
  - [-0.9999417236087701, -0.0104078916078628, 0.0028679572178642817, 0.03899633387841401]
  - [-0.002500962908136708, -0.035104459775037074, -0.9993805191659668, -0.023495033704682415]
  - [0.010502122207280067, -0.9993294515304671, 0.03507638426294212, -0.20709536744810447]
  - [0.0, 0.0, 0.0, 1.0]
  camera_model: pinhole
  dataset_name: calib_20230309
  distortion_coeffs: [-0.0951, 0.0893, 0.0005511, 8.2603e-05]
  distortion_model: radtan
  intrinsics: [1201.6, 1201.3, 1036.8, 778.7]
  resolution: [2048, 1536]
  rostopic: /stereo/frame_right/image_raw
  timeshift_cam_imu: 0.024336217126044377
