cam0:
  T_cam_imu:
  - [-0.007482230263063994, -0.9998093514853202, -0.018035434921114646, 0.06459125523316883]
  - [-0.0009164446411930038, 0.018042788340149774, -0.9998367956412347, -0.02084552375484088]
  - [0.9999715877761277, -0.007464480652786709, -0.0010512702193321566, -0.09141298872963131]
  - [0.0, 0.0, 0.0, 1.0]
  camera_model: pinhole
  dataset_name: calib_20230309
  distortion_coeffs: [-0.0899, 0.0834, 0.0013, 0.00057139]
  distortion_model: radtan
  intrinsics: [1199.1, 1199.2, 1037.4, 795.5]
  resolution: [2048, 1536]
  rostopic: /stereo/frame_left/image_raw
  timeshift_cam_imu: 0.01827964509052693
