cam0:
  dataset_name: calib_20230309
  camera_model: pinhole
  intrinsics: [1201.6, 1201.3, 1035.8, 777.7]
  distortion_model: radtan
  distortion_coeffs: [-0.0951, 0.0893, 5.5110e-04, 8.2603e-05]
  T_cam_imu:
  - [-0.9999417236087701, -0.0104078916078628, 0.0028679572178642817, 0.03899633387841401]
  - [-0.002500962908136708, -0.035104459775037074, -0.9993805191659668, -0.023495033704682415]
  - [0.010502122207280067, -0.9993294515304671, 0.03507638426294212, -0.16]
  - [0.0, 0.0, 0.0, 1.0]
  timeshift_cam_imu: 0.0
  rostopic: /stereo/frame_right/image_raw
  resolution: [2048, 1536]
