dataset_name: calib_20230618
image_width: 346
image_height: 260
camera_name: stereo_left_DAVIS_346

camera_matrix:
   rows: 3
   cols: 3
   dt: f
   data: [ 311.5820, 0.0, 173.3638,
           0.0, 311.8174, 130.0707,
           0.0,      0.0,   1.0000 ]
distortion_model: plumb_bob
distortion_coefficients:
   rows: 1
   cols: 5
   dt: f
   data: [ -0.3901, 0.2588, -0.0001, 0.0003, -0.1498 ]
rectification_matrix:
   rows: 3
   cols: 3
   dt: f
   data: [ 1.0, 0.0, 0.0,
           0.0, 1.0, 0.0,
           0.0, 0.0, 1.0 ]
# equal to camera_matrix
projection_matrix:
   rows: 3
   cols: 4
   dt: f
   data: [ 311.5820, 0.0, 173.3638, 0.0,
           0.0, 311.8174, 130.0707, 0.0,
           0.0,      0.0,   1.0000, 0.0 ]
quaternion_stereo:
   rows: 1
   cols: 4
   dt: f
   data: [ 1., 0., 0., 0. ]
translation_stereo:
   rows: 1
   cols: 3
   dt: f
   data: [ 0., 0., 0. ]

# Extrinsics from the sensor (reference) to body_imu (target)
quaternion_sensor_body_imu:
  rows: 1
  cols: 4
  dt: f
  data: [ 0.4861, 0.5032, -0.5083, 0.5022 ]
translation_sensor_body_imu:
  rows: 1
  cols: 3
  dt: f
  data: [ 0.3761, -0.0453, -0.2629 ]
timeshift_sensor_body_imu: 0.0

# extrinsics from the sensor (reference) to its own event camera imu (target)
quaternion_sensor_event_cam00_imu:
  rows: 1
  cols: 4
  dt: f
  data: [ 0.999963, 0.008408, 0.000337, 0.001513 ]
translation_sensor_event_cam00_imu:
  rows: 1
  cols: 3
  dt: f
  data: [ -0.001627, 0.000229, -0.053838 ]
timeshift_sensor_event_cam00_imu: 0.002118050891576162