dataset_name: calib_20230618
image_width: 1024
image_height: 768
camera_name: stereo_right_Flir_BFSU3
rostopic: '/stereo/frame_right/image_raw/compressed'
update_rate: 20.0

camera_matrix:
   rows: 3
   cols: 3
   dt: f
   data: [ 594.5219, 0.0, 518.3869,
           0.0, 594.8581, 387.1970,
           0.0,      0.0,   1.0000]
distortion_model: plumb_bob
distortion_coefficients:
   rows: 1
   cols: 5
   dt: f
   data: [-0.0951, 0.0878, -0.0001, 0.0001, 0.0]
rectification_matrix:
   rows: 3
   cols: 3
   dt: f
   data: [ 1.0, 0.0, 0.0,
           0.0, 1.0, 0.0,
           0.0, 0.0, 1.0 ]
projection_matrix:
   rows: 3
   cols: 4
   dt: f
   data: [ 594.5219, 0.0, 518.3869, 0.0,
           0.0, 594.8581, 387.1970, 0.0,
           0.0,      0.0,   1.0000, 0.0]   
quaternion_stereo:
   rows: 1
   cols: 4
   dt: f
   data: [ 0.9999, 0.0027, 0.0047, 0.0097]
translation_stereo:
   rows: 1
   cols: 3
   dt: f
   data: [ -0.1587964, -0.0013295, 0.0071654 ]
   
# Extrinsics from the sensor (reference) to body_imu (target)
quaternion_sensor_body_imu:
  rows: 1
  cols: 4
  dt: f
  data: [ 0.496518, 0.503561, -0.501849, 0.498038 ]
translation_sensor_body_imu:
  rows: 1
  cols: 3 
  dt: f
  data: [ -0.090698, -0.017608, -0.086397 ]
# t_body_imu = t_cam + timeshift
timeshift_sensor_body_imu: -0.01386046589177228
