dataset_name: calib_20230618
image_width: 1024
image_height: 768
camera_name: stereo_right_Flir_BFSU3
rostopic: '/stereo/vehicle_frame_right/image_raw/compressed'
update_rate: 20.0

camera_matrix:
   rows: 3
   cols: 3
   dt: f
   data: [ 595.8528, 0.0,  504.8734,
           0.0, 595.9186,  380.5306,
           0.0,      0.0,  1.000000 ]
distortion_model: plumb_bob
distortion_coefficients:
   rows: 1
   cols: 5
   dt: f
   data: [ -0.0947, 0.0829, 0.0003, 0.0005, 0.0 ]
rectification_matrix:
   rows: 3
   cols: 3
   dt: f
   data: [ 1.0, 0.0, 0.0,
           0.0, 1.0, 0.0,
           0.0, 0.0, 1.0 ]
projection_matrix:
   rows: 3
   cols: 4
   dt: f
   data: [ 595.8528, 0.0,  504.8734, 0.0,
           0.0, 595.9186,  380.5306, 0.0,
           0.0,      0.0,  1.000000, 0.0 ]
quaternion_stereo:
   rows: 1
   cols: 4
   dt: f
   data: [ 0.999962, -0.0050195, -0.00611, 0.003793 ]
translation_stereo:
   rows: 1
   cols: 3
   dt: f
   data: [ -0.834949, -0.004864, -0.0002959 ]
   
# Extrinsics from the sensor (reference) to body_imu (target)
quaternion_sensor_body_imu:
  rows: 1
  cols: 4
  dt: f
  data: [ 0.489479, 0.500603, -0.504960, 0.504797 ]
translation_sensor_body_imu:
  rows: 1
  cols: 3 
  dt: f
  data: [ -0.444021, -0.063517, -0.307416 ]
# t_body_imu = t_cam + timeshift
timeshift_sensor_body_imu: -0.01386046589177228
