dataset_name: calib_20230618
image_width: 1024
image_height: 768
camera_name: stereo_left_Flir_BFSU3
rostopic: '/stereo/vehicle_frame_left/image_raw/compressed'
update_rate: 20.0

camera_matrix:
   rows: 3
   cols: 3
   dt: f
   data: [ 593.5669, 0.0, 513.3945,
           0.0, 593.8849, 401.9319,
           0.0,      0.0, 1.000000 ]
distortion_model: plumb_bob
distortion_coefficients:
   rows: 1
   cols: 5
   dt: f
   data: [ -0.0998, 0.0828, 0.0030, 0.0011, 0.0 ]
rectification_matrix:
   rows: 3
   cols: 3
   dt: f
   data: [ 1.0, 0.0, 0.0,
           0.0, 1.0, 0.0,
           0.0, 0.0, 1.0 ]
projection_matrix:
   rows: 3
   cols: 4
   dt: f
   data: [ 593.5669, 0.0, 513.3945, 0.0,
           0.0, 593.8849, 401.9319, 0.0,
           0.0,      0.0, 1.000000, 0.0 ]
quaternion_stereo:
   rows: 1
   cols: 4
   dt: f
   data: [ 1., 0., 0., 0. ]
translation_stereo:
   rows: 1
   cols: 3
   dt: f
   data: [ 0., 0., 0. ]

# Extrinsics from the sensor (reference) to body_imu (target)
quaternion_sensor_body_imu:
  rows: 1
  cols: 4
  dt: f
  data: [ 0.491947, 0.504210, -0.506383, 0.4973285 ]
translation_sensor_body_imu:
  rows: 1
  cols: 3
  dt: f
  data: [ 0.436697, -0.058493, -0.292460 ]
timeshift_sensor_body_imu: -0.013618216766727708 # t_body_imu = t_cam + timeshift
