dataset_name: calib_20230425
image_width: 346
image_height: 260
camera_name: stereo_right_DAVIS_346

camera_matrix:
   rows: 3
   cols: 3
   dt: f
   data: [ 3.05385895e+02, 0., 1.59969055e+02, 
           0., 3.05394623e+02, 1.34433060e+02, 
           0., 0., 1. ]
distortion_model: plumb_bob
distortion_coefficients:
   rows: 1
   cols: 5
   dt: f
   data: [ -3.93588006e-01, 2.58480996e-01, 1.16200000e-03, 3.71000002e-04, -1.42471001e-01 ]
rectification_matrix:
   rows: 3
   cols: 3
   dt: f
   data: [ 1.0, 0.0, 0.0,
           0.0, 1.0, 0.0,
           0.0, 0.0, 1.0 ]
projection_matrix:
   rows: 3
   cols: 4
   dt: f
   data: [ 3.05385895e+02, 0., 1.59969055e+02, 0.0,
           0., 3.05394623e+02, 1.34433060e+02, 0.0,
           0., 0., 1., 0.0 ]
quaternion_stereo:
   rows: 1
   cols: 4
   dt: f
   data: [ 9.99833882e-01, 1.10058282e-02, 4.32096794e-03, 1.38683040e-02 ]
translation_stereo:
   rows: 1
   cols: 3
   dt: f
   data: [ -2.51188010e-01, -2.80099991e-03, 9.56699997e-03 ]
   
# Extrinsics from the sensor (reference) to body_imu (target)
quaternion_sensor_body_imu:
  rows: 1
  cols: 4
  dt: f
  data: [0.494229, 0.503492, -0.498260, 0.503952]
translation_sensor_body_imu:
  rows: 1
  cols: 3
  dt: f
  data: [-0.138292, -0.012517, -0.076550]
timeshift_sensor_body_imu: 0.0013711961567853537

# extrinsics from the sensor (reference) to its own event camera imu (target)
quaternion_sensor_event_cam01_imu:
  rows: 1
  cols: 4
  dt: f
  data: [0.999986, 0.000331, 0.005094, 0.001303]
translation_sensor_event_cam01_imu:
  rows: 1
  cols: 3
  dt: f
  data: [-0.001502, -0.000666, -0.043625]
timeshift_sensor_event_cam01_imu: 0.001792702354931018