dataset_name: calib_20230425
image_width: 1024
image_height: 768
camera_name: stereo_right_Flir_BFSU3
rostopic: '/stereo/frame_right/image_raw/compressed'
update_rate: 20.0

camera_matrix:
   rows: 3
   cols: 3
   dt: f
   data: [ 6.00813110e+02, 0., 5.16493713e+02, 
           0., 6.00947510e+02, 3.88550903e+02, 
           0., 0., 1. ]
distortion_model: plumb_bob
distortion_coefficients:
   rows: 1
   cols: 5
   dt: f
   data: [ -9.13790017e-02, 8.61390010e-02, 2.84000009e-04, -1.90999999e-04, 0. ]
rectification_matrix:
   rows: 3
   cols: 3
   dt: f
   data: [ 1.0, 0.0, 0.0,
           0.0, 1.0, 0.0,
           0.0, 0.0, 1.0 ]
projection_matrix:
   rows: 3
   cols: 4
   dt: f
   data: [ 6.00813110e+02, 0., 5.16493713e+02, 0.0,
           0., 6.00947510e+02, 3.88550903e+02, 0.0,
           0., 0., 1., 0.0 ]   
quaternion_stereo:
   rows: 1
   cols: 4
   dt: f
   data: [ 9.99933898e-01, 5.85138705e-03, 3.07445321e-03, 9.41562280e-03 ]
translation_stereo:
   rows: 1
   cols: 3
   dt: f
   data: [ -1.59823999e-01, -6.78999990e-04, -9.02000000e-04 ]
   
# Extrinsics from the sensor (reference) to body_imu (target)
quaternion_sensor_body_imu:
  rows: 1
  cols: 4
  dt: f
  data: [ 0.496518, 0.503561, -0.501849, 0.498038 ]
translation_sensor_body_imu:
  rows: 1
  cols: 3 
  dt: f
  data: [ -0.090698, -0.017608, -0.086397 ]
# t_body_imu = t_cam + timeshift
timeshift_sensor_body_imu: -0.01386046589177228
