rostopic: '/stim300/imu/data_raw' #Make sure this is correct
update_rate: 200.0 #Make sure this is correct

#Accelerometer
accelerometer_noise_density: 0.0011382864409597423
accelerometer_random_walk: 3.687544426449973e-05

#Gyroscope
gyroscope_noise_density: 6.077974441156497e-05
gyroscope_random_walk: 3.454664222863921e-07

